[
{
  "status": "",
  "Kmats" : [
    [
      [  3.260021781344836e+04,    7.606717489804617e+04,   -3.260021781344836e+04,   -7.606717489804617e+04  ],
      [  7.606717489804617e+04,    1.774900747621077e+05,   -7.606717489804617e+04,   -1.774900747621077e+05  ],
      [ -3.260021781344836e+04,   -7.606717489804617e+04,    3.260021781344836e+04,    7.606717489804617e+04  ],
      [ -7.606717489804617e+04,   -1.774900747621077e+05,    7.606717489804617e+04,    1.774900747621077e+05  ]
    ],
    [
      [  1.774900747621077e+05,    7.606717489804617e+04,   -1.774900747621077e+05,   -7.606717489804617e+04  ],
      [  7.606717489804617e+04,    3.260021781344836e+04,   -7.606717489804617e+04,   -3.260021781344836e+04  ],
      [ -1.774900747621077e+05,   -7.606717489804617e+04,    1.774900747621077e+05,    7.606717489804617e+04  ],
      [ -7.606717489804617e+04,   -3.260021781344836e+04,    7.606717489804617e+04,    3.260021781344836e+04  ]
    ],
    [
      [  0.000000000000000e+00,    0.000000000000000e+00,    0.000000000000000e+00,    0.000000000000000e+00  ],
      [  0.000000000000000e+00,    1.200000000000000e+05,    0.000000000000000e+00,   -1.200000000000000e+05  ],
      [  0.000000000000000e+00,    0.000000000000000e+00,    0.000000000000000e+00,    0.000000000000000e+00  ],
      [  0.000000000000000e+00,   -1.200000000000000e+05,    0.000000000000000e+00,    1.200000000000000e+05  ]
    ],
    [
      [  1.200000000000000e+05,    0.000000000000000e+00,   -1.200000000000000e+05,    0.000000000000000e+00  ],
      [  0.000000000000000e+00,    0.000000000000000e+00,    0.000000000000000e+00,    0.000000000000000e+00  ],
      [ -1.200000000000000e+05,    0.000000000000000e+00,    1.200000000000000e+05,    0.000000000000000e+00  ],
      [  0.000000000000000e+00,    0.000000000000000e+00,    0.000000000000000e+00,    0.000000000000000e+00  ]
    ],
    [
      [  3.299831645537222e+04,   -3.299831645537222e+04,   -3.299831645537222e+04,    3.299831645537222e+04  ],
      [ -3.299831645537222e+04,    3.299831645537222e+04,    3.299831645537222e+04,   -3.299831645537222e+04  ],
      [ -3.299831645537222e+04,    3.299831645537222e+04,    3.299831645537222e+04,   -3.299831645537222e+04  ],
      [  3.299831645537222e+04,   -3.299831645537222e+04,   -3.299831645537222e+04,    3.299831645537222e+04  ]
    ]
  ],
  "disp" : [
    [ 0.000000000000000e+00,  0.000000000000000e+00],
    [ 5.389536380057676e-01, -9.530613006371175e-01],
    [ 2.647036149579491e-01, -2.647036149579490e-01],
    [ 0.000000000000000e+00,  0.000000000000000e+00]
  ],
  "strains" : [
    [[-1.742954548428455e-04]],
    [[-3.149970910789723e-05]],
    [[-5.294072299158982e-05]],
    [[-5.294072299158982e-05]],
    [[ 3.208692362423289e-04]]
  ],
  "sigmas" : [
    [[-3.485909096856911e+01]],
    [[-6.299941821579446e+00]],
    [[-1.058814459831796e+01]],
    [[-1.058814459831796e+01]],
    [[ 2.246084653696303e+01]]
  ],
  "N" : [
    [[-1.394363638742764e+05]],
    [[-2.519976728631778e+04]],
    [[-3.176443379495389e+04]],
    [[-3.176443379495389e+04]],
    [[ 4.492169307392605e+04]]
  ]
}
]
