[
{
  "Kmats":[
    [
      [  3.150000000000000e+05,  0.000000000000000e+00, -3.150000000000000e+05, -0.000000000000000e+00],
      [  0.000000000000000e+00,  0.000000000000000e+00, -0.000000000000000e+00, -0.000000000000000e+00],
      [ -3.150000000000000e+05, -0.000000000000000e+00,  3.150000000000000e+05,  0.000000000000000e+00],
      [ -0.000000000000000e+00, -0.000000000000000e+00,  0.000000000000000e+00,  0.000000000000000e+00]
    ],
    [
      [  3.150000000000000e+05,  0.000000000000000e+00, -3.150000000000000e+05, -0.000000000000000e+00],
      [  0.000000000000000e+00,  0.000000000000000e+00, -0.000000000000000e+00, -0.000000000000000e+00],
      [ -3.150000000000000e+05, -0.000000000000000e+00,  3.150000000000000e+05,  0.000000000000000e+00],
      [ -0.000000000000000e+00, -0.000000000000000e+00,  0.000000000000000e+00,  0.000000000000000e+00]
    ],
    [
      [  3.150000000000000e+05,  0.000000000000000e+00, -3.150000000000000e+05, -0.000000000000000e+00],
      [  0.000000000000000e+00,  0.000000000000000e+00, -0.000000000000000e+00, -0.000000000000000e+00],
      [ -3.150000000000000e+05, -0.000000000000000e+00,  3.150000000000000e+05,  0.000000000000000e+00],
      [ -0.000000000000000e+00, -0.000000000000000e+00,  0.000000000000000e+00,  0.000000000000000e+00]
    ],
    [
      [  3.150000000000000e+05,  0.000000000000000e+00, -3.150000000000000e+05, -0.000000000000000e+00],
      [  0.000000000000000e+00,  0.000000000000000e+00, -0.000000000000000e+00, -0.000000000000000e+00],
      [ -3.150000000000000e+05, -0.000000000000000e+00,  3.150000000000000e+05,  0.000000000000000e+00],
      [ -0.000000000000000e+00, -0.000000000000000e+00,  0.000000000000000e+00,  0.000000000000000e+00]
    ],
    [
      [  3.150000000000000e+05,  0.000000000000000e+00, -3.150000000000000e+05, -0.000000000000000e+00],
      [  0.000000000000000e+00,  0.000000000000000e+00, -0.000000000000000e+00, -0.000000000000000e+00],
      [ -3.150000000000000e+05, -0.000000000000000e+00,  3.150000000000000e+05,  0.000000000000000e+00],
      [ -0.000000000000000e+00, -0.000000000000000e+00,  0.000000000000000e+00,  0.000000000000000e+00]
    ],
    [
      [  2.817445651649735e+04,  5.634891303299469e+04, -2.817445651649735e+04, -5.634891303299469e+04],
      [  5.634891303299469e+04,  1.126978260659894e+05, -5.634891303299469e+04, -1.126978260659894e+05],
      [ -2.817445651649735e+04, -5.634891303299469e+04,  2.817445651649735e+04,  5.634891303299469e+04],
      [ -5.634891303299469e+04, -1.126978260659894e+05,  5.634891303299469e+04,  1.126978260659894e+05]
    ],
    [
      [  2.817445651649735e+04, -5.634891303299469e+04, -2.817445651649735e+04,  5.634891303299469e+04],
      [ -5.634891303299469e+04,  1.126978260659894e+05,  5.634891303299469e+04, -1.126978260659894e+05],
      [ -2.817445651649735e+04,  5.634891303299469e+04,  2.817445651649735e+04, -5.634891303299469e+04],
      [  5.634891303299469e+04, -1.126978260659894e+05, -5.634891303299469e+04,  1.126978260659894e+05]
    ],
    [
      [  2.817445651649735e+04, -5.634891303299469e+04, -2.817445651649735e+04,  5.634891303299469e+04],
      [ -5.634891303299469e+04,  1.126978260659894e+05,  5.634891303299469e+04, -1.126978260659894e+05],
      [ -2.817445651649735e+04,  5.634891303299469e+04,  2.817445651649735e+04, -5.634891303299469e+04],
      [  5.634891303299469e+04, -1.126978260659894e+05, -5.634891303299469e+04,  1.126978260659894e+05]
    ],
    [
      [  2.817445651649735e+04,  5.634891303299469e+04, -2.817445651649735e+04, -5.634891303299469e+04],
      [  5.634891303299469e+04,  1.126978260659894e+05, -5.634891303299469e+04, -1.126978260659894e+05],
      [ -2.817445651649735e+04, -5.634891303299469e+04,  2.817445651649735e+04,  5.634891303299469e+04],
      [ -5.634891303299469e+04, -1.126978260659894e+05,  5.634891303299469e+04,  1.126978260659894e+05]
    ],
    [
      [  2.817445651649735e+04,  5.634891303299469e+04, -2.817445651649735e+04, -5.634891303299469e+04],
      [  5.634891303299469e+04,  1.126978260659894e+05, -5.634891303299469e+04, -1.126978260659894e+05],
      [ -2.817445651649735e+04, -5.634891303299469e+04,  2.817445651649735e+04,  5.634891303299469e+04],
      [ -5.634891303299469e+04, -1.126978260659894e+05,  5.634891303299469e+04,  1.126978260659894e+05]
    ],
    [
      [  2.817445651649735e+04, -5.634891303299469e+04, -2.817445651649735e+04,  5.634891303299469e+04],
      [ -5.634891303299469e+04,  1.126978260659894e+05,  5.634891303299469e+04, -1.126978260659894e+05],
      [ -2.817445651649735e+04,  5.634891303299469e+04,  2.817445651649735e+04, -5.634891303299469e+04],
      [  5.634891303299469e+04, -1.126978260659894e+05, -5.634891303299469e+04,  1.126978260659894e+05]
    ],
    [
      [  0.000000000000000e+00,  0.000000000000000e+00, -0.000000000000000e+00, -0.000000000000000e+00],
      [  0.000000000000000e+00,  1.575000000000000e+05, -0.000000000000000e+00, -1.575000000000000e+05],
      [ -0.000000000000000e+00, -0.000000000000000e+00,  0.000000000000000e+00,  0.000000000000000e+00],
      [ -0.000000000000000e+00, -1.575000000000000e+05,  0.000000000000000e+00,  1.575000000000000e+05]
    ],
    [
      [  0.000000000000000e+00,  0.000000000000000e+00, -0.000000000000000e+00, -0.000000000000000e+00],
      [  0.000000000000000e+00,  1.575000000000000e+05, -0.000000000000000e+00, -1.575000000000000e+05],
      [ -0.000000000000000e+00, -0.000000000000000e+00,  0.000000000000000e+00,  0.000000000000000e+00],
      [ -0.000000000000000e+00, -1.575000000000000e+05,  0.000000000000000e+00,  1.575000000000000e+05]
    ],
    [
      [  0.000000000000000e+00,  0.000000000000000e+00, -0.000000000000000e+00, -0.000000000000000e+00],
      [  0.000000000000000e+00,  1.575000000000000e+05, -0.000000000000000e+00, -1.575000000000000e+05],
      [ -0.000000000000000e+00, -0.000000000000000e+00,  0.000000000000000e+00,  0.000000000000000e+00],
      [ -0.000000000000000e+00, -1.575000000000000e+05,  0.000000000000000e+00,  1.575000000000000e+05]
    ],
    [
      [  0.000000000000000e+00,  0.000000000000000e+00, -0.000000000000000e+00, -0.000000000000000e+00],
      [  0.000000000000000e+00,  1.575000000000000e+05, -0.000000000000000e+00, -1.575000000000000e+05],
      [ -0.000000000000000e+00, -0.000000000000000e+00,  0.000000000000000e+00,  0.000000000000000e+00],
      [ -0.000000000000000e+00, -1.575000000000000e+05,  0.000000000000000e+00,  1.575000000000000e+05]
    ],
    [
      [  3.150000000000000e+05,  0.000000000000000e+00, -3.150000000000000e+05, -0.000000000000000e+00],
      [  0.000000000000000e+00,  0.000000000000000e+00, -0.000000000000000e+00, -0.000000000000000e+00],
      [ -3.150000000000000e+05, -0.000000000000000e+00,  3.150000000000000e+05,  0.000000000000000e+00],
      [ -0.000000000000000e+00, -0.000000000000000e+00,  0.000000000000000e+00,  0.000000000000000e+00]
    ],
    [
      [  3.150000000000000e+05,  0.000000000000000e+00, -3.150000000000000e+05, -0.000000000000000e+00],
      [  0.000000000000000e+00,  0.000000000000000e+00, -0.000000000000000e+00, -0.000000000000000e+00],
      [ -3.150000000000000e+05, -0.000000000000000e+00,  3.150000000000000e+05,  0.000000000000000e+00],
      [ -0.000000000000000e+00, -0.000000000000000e+00,  0.000000000000000e+00,  0.000000000000000e+00]
    ],
    [
      [  3.150000000000000e+05,  0.000000000000000e+00, -3.150000000000000e+05, -0.000000000000000e+00],
      [  0.000000000000000e+00,  0.000000000000000e+00, -0.000000000000000e+00, -0.000000000000000e+00],
      [ -3.150000000000000e+05, -0.000000000000000e+00,  3.150000000000000e+05,  0.000000000000000e+00],
      [ -0.000000000000000e+00, -0.000000000000000e+00,  0.000000000000000e+00,  0.000000000000000e+00]
    ]
  ],
  "disp":[
    [  0.000000000000000e+00,  0.000000000000000e+00],
    [  5.269841269841295e-04, -4.540388294059252e-03],
    [  1.053968253968259e-03, -8.553792461134375e-03],
    [  2.117460317460324e-03, -8.653870593824844e-03],
    [  2.653968253968261e-03, -4.595189265166391e-03],
    [  3.190476190476198e-03,  0.000000000000000e+00],
    [  3.188914933119055e-03, -4.540388294059252e-03],
    [  2.134946679150801e-03, -8.591887699229613e-03],
    [  1.071454615658736e-03, -8.615775355729608e-03],
    [ -1.561257357138021e-06, -4.595189265166391e-03]
  ],
  "sigmas":[
    [[  5.533333333333359e+04]],
    [[  5.533333333333359e+04]],
    [[  1.116666666666669e+05]],
    [[  5.633333333333339e+04]],
    [[  5.633333333333339e+04]],
    [[ -1.237290947549884e+05]],
    [[  1.237290947549884e+05]],
    [[  2.236067977499729e+03]],
    [[ -2.236067977499770e+03]],
    [[  1.259651627324883e+05]],
    [[ -1.259651627324883e+05]],
    [[  0.000000000000000e+00]],
    [[ -2.000000000000001e+03]],
    [[  1.999999999999910e+03]],
    [[  0.000000000000000e+00]],
    [[ -1.106666666666667e+05]],
    [[ -1.116666666666668e+05]],
    [[ -1.126666666666668e+05]]
  ]
}
]
